-.79967551E+03
-.79967547E+03
-.79967544E+03
-.79967541E+03
-.79967540E+03
-.79967539E+03
-.79967538E+03
-.79967538E+03
-.79967538E+03
-.79967537E+03
-.79967536E+03
-.79967534E+03
-.79967530E+03
-.79967526E+03
-.79967522E+03
-.79967518E+03
-.79967514E+03
-.79967510E+03
-.79967507E+03
-.79967503E+03
-.79967499E+03
-.79967499E+03
-.79967499E+03
-.79967499E+03
-.79967500E+03
-.79967502E+03
-.79967503E+03
-.79967506E+03
-.79967509E+03
-.79967510E+03
-.79967512E+03
-.79967512E+03
-.79967511E+03
-.79967511E+03
-.79967509E+03
-.79967507E+03
-.79967504E+03
-.79967502E+03
-.79967500E+03
-.79967498E+03
-.79967495E+03
-.79967492E+03
-.79967491E+03
-.79967490E+03
-.79967491E+03
-.79967493E+03
-.79967496E+03
-.79967500E+03
-.79967505E+03
-.79967510E+03
-.79967515E+03
-.79967520E+03
-.79967525E+03
-.79967529E+03
-.79967532E+03
-.79967534E+03
-.79967535E+03
-.79967535E+03
-.79967533E+03
-.79967532E+03
-.79967531E+03
-.79967528E+03
-.79967527E+03
-.79967526E+03
-.79967526E+03
-.79967528E+03
-.79967532E+03
-.79967537E+03
-.79967543E+03
-.79967550E+03
-.79967560E+03
-.79967571E+03
-.79967582E+03
-.79967592E+03
-.79967602E+03
-.79967611E+03
-.79967618E+03
-.79967621E+03
-.79967623E+03
-.79967624E+03
-.79967622E+03
-.79967619E+03
-.79967614E+03
-.79967609E+03
-.79967605E+03
-.79967603E+03
-.79967601E+03
-.79967600E+03
-.79967602E+03
-.79967606E+03
-.79967612E+03
-.79967621E+03
-.79967631E+03
-.79967642E+03
-.79967654E+03
-.79967663E+03
-.79967672E+03
-.79967679E+03
-.79967684E+03
-.79967688E+03
-.79967689E+03
-.79967690E+03
-.79967690E+03
-.79967690E+03
-.79967689E+03
-.79967687E+03
-.79967686E+03
-.79967683E+03
-.79967682E+03
-.79967680E+03
-.79967680E+03
-.79967680E+03
-.79967677E+03
-.79967677E+03
-.79967676E+03
-.79967675E+03
-.79967674E+03
-.79967672E+03
-.79967670E+03
-.79967668E+03
-.79967665E+03
-.79967662E+03
-.79967658E+03
-.79967656E+03
-.79967655E+03
-.79967653E+03
-.79967651E+03
-.79967651E+03
-.79967650E+03
-.79967650E+03
-.79967648E+03
-.79967646E+03
-.79967643E+03
-.79967637E+03
-.79967630E+03
-.79967623E+03
-.79967616E+03
-.79967607E+03
-.79967600E+03
-.79967594E+03
-.79967591E+03
-.79967588E+03
-.79967586E+03
-.79967587E+03
-.79967588E+03
-.79967589E+03
-.79967591E+03
-.79967593E+03
-.79967594E+03
-.79967592E+03
-.79967589E+03
-.79967584E+03
-.79967580E+03
-.79967573E+03
-.79967563E+03
-.79967553E+03
-.79967545E+03
-.79967535E+03
-.79967526E+03
-.79967518E+03
-.79967512E+03
-.79967505E+03
-.79967500E+03
-.79967497E+03
-.79967495E+03
-.79967494E+03
-.79967493E+03
-.79967492E+03
-.79967492E+03
-.79967492E+03
-.79967492E+03
-.79967492E+03
-.79967491E+03
-.79967491E+03
-.79967490E+03
-.79967490E+03
-.79967489E+03
-.79967489E+03
-.79967489E+03
-.79967492E+03
-.79967493E+03
-.79967495E+03
-.79967498E+03
-.79967502E+03
-.79967505E+03
-.79967507E+03
-.79967508E+03
-.79967509E+03
-.79967508E+03
-.79967506E+03
-.79967504E+03
-.79967500E+03
-.79967497E+03
-.79967493E+03
-.79967489E+03
-.79967485E+03
-.79967482E+03
-.79967479E+03
-.79967478E+03
-.79967477E+03
-.79967477E+03
-.79967478E+03
-.79967480E+03
-.79967483E+03
-.79967488E+03
-.79967493E+03
-.79967499E+03
-.79967504E+03
-.79967511E+03
-.79967517E+03
-.79967523E+03
-.79967528E+03
-.79967532E+03
-.79967534E+03
-.79967536E+03
-.79967537E+03
-.79967536E+03
-.79967532E+03
-.79967529E+03
-.79967526E+03
-.79967522E+03
-.79967521E+03
-.79967520E+03
-.79967521E+03
-.79967524E+03
-.79967528E+03
-.79967535E+03
-.79967544E+03
-.79967555E+03
-.79967567E+03
-.79967576E+03
-.79967585E+03
-.79967595E+03
-.79967601E+03
-.79967604E+03
-.79967605E+03
-.79967603E+03
-.79967598E+03
-.79967593E+03
-.79967587E+03
-.79967581E+03
-.79967575E+03
-.79967571E+03
-.79967568E+03
-.79967568E+03
-.79967571E+03
-.79967576E+03
-.79967584E+03
-.79967593E+03
-.79967601E+03
-.79967612E+03
-.79967621E+03
-.79967631E+03
-.79967638E+03
-.79967645E+03
-.79967648E+03
-.79967649E+03
-.79967649E+03
-.79967646E+03
-.79967641E+03
-.79967634E+03
-.79967628E+03
-.79967621E+03
-.79967614E+03
-.79967608E+03
-.79967605E+03
-.79967604E+03
-.79967603E+03
-.79967604E+03
-.79967605E+03
-.79967607E+03
-.79967610E+03
-.79967612E+03
-.79967614E+03
-.79967614E+03
-.79967615E+03
-.79967615E+03
-.79967612E+03
-.79967610E+03
-.79967608E+03
-.79967606E+03
-.79967603E+03
-.79967599E+03
-.79967595E+03
-.79967591E+03
-.79967587E+03
-.79967584E+03
-.79967582E+03
-.79967581E+03
-.79967580E+03
-.79967579E+03
-.79967578E+03
-.79967579E+03
-.79967580E+03
-.79967579E+03
-.79967579E+03
-.79967579E+03
-.79967577E+03
-.79967575E+03
-.79967572E+03
-.79967569E+03
-.79967563E+03
-.79967557E+03
-.79967551E+03
-.79967543E+03
-.79967535E+03
-.79967528E+03
-.79967519E+03
-.79967514E+03
-.79967506E+03
-.79967500E+03
-.79967496E+03
-.79967492E+03
-.79967488E+03
-.79967487E+03
-.79967487E+03
-.79967488E+03
-.79967490E+03
-.79967494E+03
-.79967496E+03
-.79967500E+03
-.79967503E+03
-.79967506E+03
-.79967510E+03
-.79967514E+03
-.79967517E+03
-.79967520E+03
-.79967522E+03
-.79967520E+03
-.79967519E+03
-.79967516E+03
-.79967511E+03
-.79967509E+03
-.79967505E+03
-.79967500E+03
-.79967497E+03
-.79967492E+03
-.79967487E+03
-.79967484E+03
-.79967480E+03
-.79967478E+03
-.79967476E+03
-.79967476E+03
-.79967476E+03
-.79967477E+03
-.79967479E+03
-.79967481E+03
-.79967483E+03
-.79967487E+03
-.79967489E+03
-.79967489E+03
-.79967490E+03
-.79967490E+03
-.79967491E+03
-.79967490E+03
-.79967490E+03
-.79967489E+03
-.79967489E+03
-.79967488E+03
-.79967488E+03
-.79967488E+03
-.79967487E+03
-.79967488E+03
-.79967490E+03
-.79967492E+03
-.79967494E+03
-.79967496E+03
-.79967499E+03
-.79967502E+03
-.79967506E+03
-.79967507E+03
-.79967508E+03
-.79967511E+03
-.79967511E+03
-.79967511E+03
-.79967510E+03
-.79967509E+03
-.79967509E+03
-.79967509E+03
-.79967509E+03
-.79967510E+03
-.79967512E+03
-.79967516E+03
-.79967520E+03
-.79967524E+03
-.79967530E+03
-.79967535E+03
-.79967541E+03
-.79967547E+03
-.79967553E+03
-.79967558E+03
-.79967564E+03
-.79967570E+03
-.79967575E+03
-.79967577E+03
-.79967579E+03
-.79967582E+03
-.79967583E+03
-.79967584E+03
-.79967586E+03
-.79967586E+03
-.79967586E+03
-.79967585E+03
-.79967583E+03
-.79967581E+03
-.79967580E+03
-.79967578E+03
-.79967576E+03
-.79967575E+03
-.79967575E+03
-.79967576E+03
-.79967577E+03
-.79967578E+03
-.79967580E+03
-.79967584E+03
-.79967586E+03
-.79967587E+03
-.79967588E+03
-.79967589E+03
-.79967590E+03
-.79967589E+03
-.79967588E+03
-.79967587E+03
-.79967585E+03
-.79967581E+03
-.79967578E+03
-.79967576E+03
-.79967576E+03
-.79967578E+03
-.79967581E+03
-.79967586E+03
-.79967590E+03
-.79967594E+03
-.79967598E+03
-.79967602E+03
-.79967605E+03
-.79967607E+03
-.79967608E+03
-.79967606E+03
-.79967602E+03
-.79967597E+03
-.79967591E+03
-.79967585E+03
-.79967579E+03
-.79967572E+03
-.79967564E+03
-.79967558E+03
-.79967553E+03
-.79967548E+03
-.79967542E+03
-.79967536E+03
-.79967531E+03
-.79967527E+03
-.79967521E+03
-.79967517E+03
-.79967512E+03
-.79967508E+03
-.79967503E+03
-.79967500E+03
-.79967497E+03
-.79967495E+03
-.79967494E+03
-.79967493E+03
-.79967494E+03
-.79967494E+03
-.79967496E+03
-.79967500E+03
-.79967503E+03
-.79967506E+03
-.79967508E+03
-.79967512E+03
-.79967513E+03
-.79967511E+03
-.79967509E+03
-.79967507E+03
-.79967502E+03
-.79967498E+03
-.79967493E+03
-.79967489E+03
-.79967484E+03
-.79967479E+03
-.79967476E+03
-.79967474E+03
-.79967473E+03
-.79967474E+03
-.79967474E+03
-.79967475E+03
-.79967479E+03
-.79967481E+03
-.79967483E+03
-.79967486E+03
-.79967487E+03
-.79967487E+03
-.79967487E+03
-.79967487E+03
-.79967487E+03
-.79967485E+03
-.79967483E+03
-.79967481E+03
-.79967478E+03
-.79967475E+03
-.79967473E+03
-.79967470E+03
-.79967469E+03
-.79967469E+03
-.79967470E+03
-.79967471E+03
-.79967473E+03
-.79967474E+03
-.79967477E+03
-.79967481E+03
-.79967486E+03
-.79967488E+03
-.79967492E+03
-.79967494E+03
-.79967498E+03
-.79967502E+03
-.79967506E+03
-.79967509E+03
-.79967509E+03
-.79967510E+03
-.79967510E+03
-.79967511E+03
-.79967512E+03
-.79967512E+03
-.79967511E+03
-.79967510E+03
-.79967509E+03
-.79967509E+03
-.79967508E+03
-.79967509E+03
-.79967511E+03
-.79967514E+03
-.79967518E+03
-.79967523E+03
-.79967528E+03
-.79967534E+03
-.79967540E+03
-.79967545E+03
-.79967549E+03
-.79967551E+03
-.79967551E+03
-.79967550E+03
-.79967548E+03
-.79967544E+03
-.79967539E+03
-.79967536E+03
-.79967533E+03
-.79967530E+03
-.79967528E+03
-.79967527E+03
-.79967528E+03
-.79967530E+03
-.79967533E+03
-.79967538E+03
-.79967543E+03
-.79967549E+03
-.79967555E+03
-.79967562E+03
-.79967568E+03
-.79967572E+03
-.79967575E+03
-.79967578E+03
-.79967578E+03
-.79967579E+03
-.79967577E+03
-.79967573E+03
-.79967568E+03
-.79967563E+03
-.79967556E+03
-.79967549E+03
-.79967543E+03
-.79967538E+03
-.79967536E+03
-.79967533E+03
-.79967531E+03
-.79967528E+03
-.79967528E+03
-.79967529E+03
-.79967530E+03
-.79967531E+03
-.79967533E+03
-.79967534E+03
-.79967536E+03
-.79967537E+03
-.79967538E+03
-.79967539E+03
-.79967539E+03
-.79967539E+03
-.79967539E+03
-.79967538E+03
-.79967537E+03
-.79967536E+03
-.79967534E+03
-.79967533E+03
-.79967532E+03
-.79967531E+03
-.79967531E+03
-.79967530E+03
-.79967529E+03
-.79967529E+03
-.79967528E+03
-.79967527E+03
-.79967526E+03
-.79967525E+03
-.79967524E+03
-.79967523E+03
-.79967523E+03
-.79967522E+03
-.79967524E+03
-.79967526E+03
-.79967527E+03
-.79967528E+03
-.79967529E+03
-.79967531E+03
-.79967532E+03
-.79967532E+03
-.79967532E+03
-.79967531E+03
-.79967529E+03
-.79967527E+03
-.79967526E+03
-.79967525E+03
-.79967523E+03
-.79967521E+03
-.79967520E+03
-.79967519E+03
-.79967518E+03
-.79967519E+03
-.79967520E+03
-.79967521E+03
-.79967522E+03
-.79967523E+03
-.79967524E+03
-.79967524E+03
-.79967525E+03
-.79967526E+03
-.79967526E+03
-.79967526E+03
-.79967526E+03
-.79967525E+03
-.79967524E+03
-.79967524E+03
-.79967523E+03
-.79967522E+03
-.79967521E+03
-.79967519E+03
-.79967517E+03
-.79967517E+03
-.79967518E+03
-.79967518E+03
-.79967521E+03
-.79967523E+03
-.79967527E+03
-.79967530E+03
-.79967534E+03
-.79967536E+03
-.79967539E+03
-.79967538E+03
-.79967537E+03
-.79967535E+03
-.79967532E+03
-.79967529E+03
-.79967527E+03
-.79967522E+03
-.79967519E+03
-.79967515E+03
-.79967512E+03
-.79967510E+03
-.79967509E+03
-.79967510E+03
-.79967511E+03
-.79967511E+03
-.79967514E+03
-.79967516E+03
-.79967517E+03
-.79967517E+03
-.79967517E+03
-.79967517E+03
-.79967516E+03
-.79967515E+03
-.79967514E+03
-.79967513E+03
-.79967512E+03
-.79967511E+03
-.79967511E+03
-.79967511E+03
-.79967511E+03
-.79967511E+03
-.79967513E+03
-.79967512E+03
-.79967512E+03
-.79967512E+03
-.79967512E+03
-.79967511E+03
-.79967512E+03
-.79967511E+03
-.79967511E+03
-.79967508E+03
-.79967505E+03
-.79967502E+03
-.79967499E+03
-.79967496E+03
-.79967494E+03
-.79967492E+03
-.79967489E+03
-.79967487E+03
-.79967486E+03
-.79967487E+03
-.79967488E+03
-.79967489E+03
-.79967492E+03
-.79967497E+03
-.79967502E+03
-.79967507E+03
-.79967512E+03
-.79967516E+03
-.79967519E+03
-.79967521E+03
-.79967524E+03
-.79967526E+03
-.79967528E+03
-.79967529E+03
-.79967530E+03
-.79967531E+03
-.79967532E+03
-.79967533E+03
-.79967534E+03
-.79967535E+03
-.79967538E+03
-.79967540E+03
-.79967542E+03
-.79967544E+03
-.79967545E+03
-.79967546E+03
-.79967546E+03
-.79967546E+03
-.79967545E+03
-.79967543E+03
-.79967542E+03
-.79967538E+03
-.79967536E+03
-.79967534E+03
-.79967532E+03
-.79967530E+03
-.79967529E+03
-.79967528E+03
-.79967528E+03
-.79967529E+03
-.79967532E+03
-.79967534E+03
-.79967536E+03
-.79967538E+03
-.79967541E+03
-.79967545E+03
-.79967547E+03
-.79967550E+03
-.79967554E+03
-.79967556E+03
-.79967557E+03
-.79967558E+03
-.79967560E+03
-.79967561E+03
-.79967561E+03
-.79967561E+03
-.79967562E+03
-.79967563E+03
-.79967563E+03
-.79967562E+03
-.79967564E+03
-.79967565E+03
-.79967567E+03
-.79967568E+03
-.79967571E+03
-.79967572E+03
-.79967574E+03
-.79967574E+03
-.79967575E+03
-.79967574E+03
-.79967572E+03
-.79967570E+03
-.79967567E+03
-.79967564E+03
-.79967560E+03
-.79967557E+03
-.79967554E+03
-.79967551E+03
-.79967549E+03
-.79967547E+03
-.79967546E+03
-.79967545E+03
-.79967545E+03
-.79967545E+03
-.79967544E+03
-.79967543E+03
-.79967544E+03
-.79967547E+03
-.79967548E+03
-.79967549E+03
-.79967551E+03
-.79967555E+03
-.79967557E+03
-.79967561E+03
-.79967563E+03
-.79967564E+03
-.79967566E+03
-.79967567E+03
-.79967564E+03
-.79967561E+03
-.79967557E+03
-.79967550E+03
-.79967543E+03
-.79967536E+03
-.79967528E+03
-.79967522E+03
-.79967517E+03
-.79967513E+03
-.79967510E+03
-.79967509E+03
-.79967509E+03
-.79967511E+03
-.79967513E+03
-.79967517E+03
-.79967519E+03
-.79967520E+03
-.79967521E+03
-.79967520E+03
-.79967519E+03
-.79967518E+03
-.79967515E+03
-.79967512E+03
-.79967508E+03
-.79967503E+03
-.79967498E+03
-.79967493E+03
-.79967488E+03
-.79967483E+03
-.79967479E+03
-.79967475E+03
-.79967473E+03
-.79967469E+03
-.79967467E+03
-.79967466E+03
-.79967468E+03
-.79967468E+03
-.79967470E+03
-.79967473E+03
-.79967477E+03
-.79967479E+03
-.79967483E+03
-.79967485E+03
-.79967487E+03
-.79967489E+03
-.79967491E+03
-.79967492E+03
-.79967492E+03
-.79967489E+03
-.79967487E+03
-.79967484E+03
-.79967482E+03
-.79967479E+03
-.79967477E+03
-.79967475E+03
-.79967474E+03
-.79967473E+03
-.79967474E+03
-.79967475E+03
-.79967477E+03
-.79967480E+03
-.79967486E+03
-.79967491E+03
-.79967497E+03
-.79967503E+03
-.79967511E+03
-.79967516E+03
-.79967521E+03
-.79967525E+03
-.79967527E+03
-.79967527E+03
-.79967526E+03
-.79967523E+03
-.79967520E+03
-.79967516E+03
-.79967510E+03
-.79967506E+03
-.79967504E+03
-.79967503E+03
-.79967503E+03
-.79967506E+03
-.79967510E+03
-.79967515E+03
-.79967521E+03
-.79967526E+03
-.79967531E+03
-.79967536E+03
-.79967541E+03
-.79967546E+03
-.79967549E+03
-.79967551E+03
-.79967552E+03
-.79967550E+03
-.79967547E+03
-.79967545E+03
-.79967543E+03
-.79967542E+03
-.79967540E+03
-.79967542E+03
-.79967543E+03
-.79967546E+03
-.79967551E+03
-.79967557E+03
-.79967564E+03
-.79967572E+03
-.79967579E+03
-.79967586E+03
-.79967592E+03
-.79967595E+03
-.79967598E+03
-.79967597E+03
-.79967596E+03
-.79967593E+03
-.79967588E+03
-.79967581E+03
-.79967573E+03
-.79967564E+03
-.79967556E+03
-.79967552E+03
-.79967548E+03
-.79967547E+03
-.79967549E+03
-.79967554E+03
-.79967560E+03
-.79967569E+03
-.79967580E+03
-.79967590E+03
-.79967599E+03
-.79967607E+03
-.79967615E+03
-.79967618E+03
-.79967620E+03
-.79967618E+03
-.79967612E+03
-.79967604E+03
-.79967595E+03
-.79967586E+03
-.79967576E+03
-.79967569E+03
-.79967562E+03
-.79967556E+03
-.79967553E+03
-.79967553E+03
-.79967554E+03
-.79967556E+03
-.79967559E+03
-.79967560E+03
-.79967561E+03
-.79967563E+03
-.79967563E+03
-.79967562E+03
-.79967561E+03
-.79967559E+03
-.79967558E+03
-.79967554E+03
-.79967551E+03
-.79967547E+03
-.79967545E+03
-.79967541E+03
-.79967538E+03
-.79967534E+03
-.79967531E+03
-.79967527E+03
-.79967524E+03
-.79967520E+03
-.79967516E+03
-.79967513E+03
-.79967509E+03
-.79967506E+03
-.79967505E+03
-.79967503E+03
-.79967501E+03
-.79967499E+03
-.79967499E+03
-.79967498E+03
-.79967497E+03
-.79967495E+03
-.79967494E+03
-.79967494E+03
-.79967490E+03
-.79967488E+03
-.79967487E+03
-.79967484E+03
-.79967482E+03
-.79967478E+03
-.79967476E+03
-.79967474E+03
-.79967472E+03
-.79967469E+03
-.79967467E+03
-.79967464E+03
-.79967462E+03
-.79967459E+03
-.79967459E+03
-.79967458E+03
-.79967457E+03
-.79967457E+03
-.79967457E+03
-.79967458E+03
-.79967459E+03
-.79967459E+03
-.79967460E+03
-.79967462E+03
-.79967462E+03
-.79967463E+03
-.79967465E+03
-.79967465E+03
-.79967467E+03
-.79967468E+03
-.79967469E+03
-.79967468E+03
-.79967469E+03
-.79967471E+03
-.79967472E+03
-.79967474E+03
-.79967477E+03
-.79967480E+03
-.79967484E+03
-.79967487E+03
-.79967492E+03
-.79967497E+03
-.79967502E+03
-.79967506E+03
-.79967510E+03
-.79967513E+03
-.79967514E+03
-.79967514E+03
-.79967513E+03
-.79967512E+03
-.79967510E+03
-.79967507E+03
-.79967504E+03
-.79967502E+03
-.79967500E+03
-.79967500E+03
-.79967501E+03
-.79967503E+03
-.79967506E+03
-.79967510E+03
-.79967516E+03
-.79967522E+03
-.79967527E+03
-.79967533E+03
-.79967535E+03
-.79967537E+03
-.79967538E+03
-.79967539E+03
-.79967539E+03
-.79967538E+03
-.79967537E+03
-.79967535E+03
-.79967534E+03
-.79967534E+03
-.79967534E+03
-.79967539E+03
-.79967543E+03
-.79967549E+03
-.79967557E+03
-.79967565E+03
-.79967573E+03
-.79967583E+03
-.79967591E+03
-.79967598E+03
-.79967603E+03
-.79967604E+03
-.79967603E+03
-.79967598E+03
-.79967592E+03
-.79967583E+03
-.79967572E+03
-.79967560E+03
-.79967549E+03
-.79967538E+03
-.79967531E+03
-.79967526E+03
-.79967525E+03
-.79967526E+03
-.79967529E+03
-.79967536E+03
-.79967544E+03
-.79967553E+03
-.79967562E+03
-.79967571E+03
-.79967579E+03
-.79967585E+03
-.79967588E+03
-.79967589E+03
-.79967588E+03
-.79967584E+03
-.79967580E+03
-.79967573E+03
-.79967565E+03
-.79967556E+03
-.79967546E+03
-.79967538E+03
-.79967529E+03
-.79967522E+03
-.79967517E+03
-.79967514E+03
-.79967513E+03
-.79967512E+03
-.79967514E+03
-.79967519E+03
-.79967524E+03
-.79967529E+03
-.79967534E+03
-.79967540E+03
-.79967544E+03
-.79967548E+03
-.79967550E+03
-.79967549E+03
-.79967546E+03
-.79967542E+03
-.79967535E+03
-.79967527E+03
-.79967518E+03
-.79967508E+03
-.79967497E+03
-.79967488E+03
-.79967480E+03
-.79967471E+03
-.79967465E+03
-.79967460E+03
-.79967457E+03
-.79967457E+03
-.79967457E+03
-.79967459E+03
-.79967462E+03
-.79967466E+03
-.79967471E+03
-.79967477E+03
-.79967482E+03
-.79967487E+03
-.79967491E+03
-.79967495E+03
-.79967497E+03
-.79967498E+03
-.79967498E+03
-.79967497E+03
-.79967494E+03
-.79967490E+03
-.79967483E+03
-.79967476E+03
-.79967471E+03
-.79967465E+03
-.79967461E+03
-.79967455E+03
-.79967451E+03
-.79967448E+03
-.79967447E+03
-.79967447E+03
-.79967447E+03
-.79967450E+03
-.79967452E+03
-.79967456E+03
-.79967460E+03
-.79967464E+03
-.79967466E+03
-.79967469E+03
-.79967471E+03
-.79967473E+03
-.79967473E+03
-.79967473E+03
-.79967474E+03
-.79967474E+03
-.79967473E+03
-.79967471E+03
-.79967470E+03
-.79967470E+03
-.79967469E+03
-.79967469E+03
-.79967470E+03
-.79967472E+03
-.79967474E+03
-.79967478E+03
-.79967482E+03
-.79967487E+03
-.79967491E+03
-.79967494E+03
-.79967497E+03
-.79967502E+03
-.79967505E+03
-.79967509E+03
-.79967512E+03
-.79967515E+03
-.79967517E+03
-.79967520E+03
-.79967521E+03
-.79967521E+03
-.79967519E+03
-.79967517E+03
-.79967516E+03
-.79967514E+03
-.79967511E+03
-.79967509E+03
-.79967506E+03
-.79967503E+03
-.79967502E+03
-.79967501E+03
-.79967502E+03
-.79967505E+03
-.79967507E+03
-.79967512E+03
-.79967517E+03
-.79967523E+03
-.79967529E+03
-.79967534E+03
-.79967539E+03
-.79967545E+03
-.79967549E+03
-.79967552E+03
-.79967554E+03
-.79967555E+03
-.79967554E+03
-.79967553E+03
-.79967551E+03
-.79967548E+03
-.79967546E+03
-.79967545E+03
-.79967545E+03
-.79967546E+03
-.79967548E+03
-.79967550E+03
-.79967554E+03
-.79967557E+03
-.79967560E+03
-.79967562E+03
-.79967566E+03
-.79967569E+03
-.79967572E+03
-.79967575E+03
-.79967577E+03
-.79967578E+03
-.79967579E+03
-.79967578E+03
-.79967577E+03
-.79967574E+03
-.79967572E+03
-.79967568E+03
-.79967566E+03
-.79967562E+03
-.79967561E+03
-.79967559E+03
-.79967557E+03
-.79967557E+03
-.79967560E+03
-.79967563E+03
-.79967567E+03
-.79967572E+03
-.79967577E+03
-.79967581E+03
-.79967583E+03
-.79967583E+03
-.79967582E+03
-.79967578E+03
-.79967570E+03
-.79967561E+03
-.79967551E+03
-.79967542E+03
-.79967532E+03
-.79967523E+03
-.79967515E+03
-.79967507E+03
-.79967502E+03
-.79967498E+03
-.79967496E+03
-.79967497E+03
-.79967500E+03
-.79967502E+03
-.79967506E+03
-.79967509E+03
-.79967513E+03
-.79967515E+03
-.79967517E+03
-.79967517E+03
-.79967514E+03
-.79967510E+03
-.79967505E+03
-.79967500E+03
-.79967495E+03
-.79967489E+03
-.79967484E+03
-.79967479E+03
-.79967474E+03
-.79967471E+03
-.79967469E+03
-.79967468E+03
-.79967469E+03
-.79967470E+03
-.79967472E+03
-.79967474E+03
-.79967477E+03
-.79967479E+03
-.79967483E+03
-.79967485E+03
-.79967487E+03
-.79967486E+03
-.79967486E+03
-.79967483E+03
-.79967480E+03
-.79967477E+03
-.79967474E+03
-.79967470E+03
-.79967469E+03
-.79967466E+03
-.79967465E+03
-.79967465E+03
-.79967466E+03
-.79967467E+03
-.79967470E+03
-.79967472E+03
-.79967476E+03
-.79967479E+03
-.79967481E+03
-.79967482E+03
-.79967483E+03
-.79967483E+03
-.79967482E+03
-.79967480E+03
-.79967478E+03
-.79967476E+03
-.79967474E+03
-.79967474E+03
-.79967473E+03
-.79967473E+03
-.79967473E+03
-.79967474E+03
-.79967476E+03
-.79967479E+03
-.79967481E+03
-.79967486E+03
-.79967490E+03
-.79967494E+03
-.79967498E+03
-.79967504E+03
-.79967509E+03
-.79967514E+03
-.79967518E+03
-.79967520E+03
-.79967522E+03
-.79967524E+03
-.79967525E+03
-.79967525E+03
-.79967526E+03
-.79967526E+03
-.79967526E+03
-.79967525E+03
-.79967524E+03
-.79967522E+03
-.79967522E+03
-.79967521E+03
-.79967522E+03
-.79967521E+03
-.79967520E+03
-.79967521E+03
-.79967522E+03
-.79967523E+03
-.79967524E+03
-.79967528E+03
-.79967531E+03
-.79967534E+03
-.79967537E+03
-.79967542E+03
-.79967547E+03
-.79967552E+03
-.79967558E+03
-.79967564E+03
-.79967568E+03
-.79967574E+03
-.79967578E+03
-.79967580E+03
-.79967581E+03
-.79967580E+03
-.79967578E+03
-.79967573E+03
-.79967569E+03
-.79967563E+03
-.79967556E+03
-.79967549E+03
-.79967543E+03
-.79967538E+03
-.79967535E+03
-.79967534E+03
-.79967534E+03
-.79967534E+03
-.79967536E+03
-.79967538E+03
-.79967542E+03
-.79967543E+03
-.79967546E+03
-.79967549E+03
-.79967550E+03
-.79967549E+03
-.79967549E+03
-.79967548E+03
-.79967547E+03
-.79967544E+03
-.79967539E+03
-.79967534E+03
-.79967530E+03
-.79967525E+03
-.79967520E+03
-.79967514E+03
-.79967511E+03
-.79967508E+03
-.79967506E+03
-.79967505E+03
-.79967506E+03
-.79967507E+03
-.79967510E+03
-.79967513E+03
-.79967516E+03
-.79967519E+03
-.79967522E+03
-.79967523E+03
-.79967523E+03
-.79967523E+03
-.79967522E+03
-.79967520E+03
-.79967517E+03
-.79967514E+03
-.79967511E+03
-.79967508E+03
-.79967508E+03
-.79967507E+03
-.79967508E+03
-.79967508E+03
-.79967509E+03
-.79967511E+03
-.79967513E+03
-.79967516E+03
-.79967518E+03
-.79967519E+03
-.79967518E+03
-.79967516E+03
-.79967514E+03
-.79967510E+03
-.79967506E+03
-.79967500E+03
-.79967496E+03
-.79967492E+03
-.79967490E+03
-.79967489E+03
-.79967491E+03
-.79967494E+03
-.79967500E+03
-.79967505E+03
-.79967511E+03
-.79967518E+03
-.79967524E+03
-.79967528E+03
-.79967530E+03
-.79967531E+03
-.79967531E+03
-.79967529E+03
-.79967527E+03
-.79967524E+03
-.79967519E+03
-.79967514E+03
-.79967508E+03
-.79967503E+03
-.79967500E+03
-.79967498E+03
-.79967496E+03
-.79967497E+03
-.79967501E+03
-.79967506E+03
-.79967513E+03
-.79967522E+03
-.79967531E+03
-.79967538E+03
-.79967546E+03
-.79967552E+03
-.79967557E+03
-.79967560E+03
-.79967560E+03
-.79967559E+03
-.79967556E+03
-.79967552E+03
-.79967546E+03
-.79967541E+03
-.79967534E+03
-.79967527E+03
-.79967518E+03
-.79967512E+03
-.79967505E+03
-.79967500E+03
-.79967496E+03
-.79967494E+03
-.79967495E+03
-.79967496E+03
-.79967498E+03
-.79967503E+03
-.79967508E+03
-.79967515E+03
-.79967521E+03
-.79967526E+03
-.79967532E+03
-.79967535E+03
-.79967537E+03
-.79967540E+03
-.79967541E+03
-.79967539E+03
-.79967537E+03
-.79967535E+03
-.79967535E+03
-.79967533E+03
-.79967532E+03
-.79967532E+03
-.79967532E+03
-.79967532E+03
-.79967534E+03
-.79967534E+03
-.79967536E+03
-.79967537E+03
-.79967537E+03
-.79967537E+03
-.79967537E+03
-.79967537E+03
-.79967536E+03
-.79967534E+03
-.79967534E+03
-.79967533E+03
-.79967533E+03
-.79967534E+03
-.79967534E+03
-.79967533E+03
-.79967536E+03
-.79967537E+03
-.79967539E+03
-.79967539E+03
-.79967540E+03
-.79967540E+03
-.79967540E+03
-.79967539E+03
-.79967539E+03
-.79967537E+03
-.79967535E+03
-.79967533E+03
-.79967530E+03
-.79967528E+03
-.79967526E+03
-.79967525E+03
-.79967525E+03
-.79967524E+03
-.79967526E+03
-.79967527E+03
-.79967531E+03
-.79967534E+03
-.79967538E+03
-.79967542E+03
-.79967544E+03
-.79967547E+03
-.79967551E+03
-.79967552E+03
-.79967554E+03
-.79967554E+03
-.79967555E+03
-.79967557E+03
-.79967557E+03
-.79967557E+03
-.79967557E+03
-.79967558E+03
-.79967560E+03
-.79967562E+03
-.79967564E+03
-.79967566E+03
-.79967569E+03
-.79967571E+03
-.79967574E+03
-.79967576E+03
-.79967579E+03
-.79967580E+03
-.79967583E+03
-.79967585E+03
-.79967588E+03
-.79967591E+03
-.79967593E+03
-.79967595E+03
-.79967596E+03
-.79967595E+03
-.79967594E+03
-.79967593E+03
-.79967590E+03
-.79967587E+03
-.79967583E+03
-.79967578E+03
-.79967571E+03
-.79967566E+03
-.79967562E+03
-.79967557E+03
-.79967554E+03
-.79967551E+03
-.79967550E+03
-.79967550E+03
-.79967549E+03
-.79967550E+03
-.79967551E+03
-.79967555E+03
-.79967559E+03
-.79967560E+03
-.79967563E+03
-.79967565E+03
-.79967566E+03
-.79967567E+03
-.79967565E+03
-.79967566E+03
-.79967566E+03
-.79967565E+03
-.79967564E+03
-.79967562E+03
-.79967560E+03
-.79967557E+03
-.79967555E+03
-.79967552E+03
-.79967548E+03
-.79967544E+03
-.79967541E+03
-.79967537E+03
-.79967534E+03
-.79967532E+03
-.79967528E+03
-.79967525E+03
-.79967524E+03
-.79967524E+03
-.79967524E+03
-.79967524E+03
-.79967524E+03
-.79967523E+03
-.79967523E+03
-.79967521E+03
-.79967521E+03
-.79967519E+03
-.79967516E+03
-.79967513E+03
-.79967509E+03
-.79967506E+03
-.79967503E+03
-.79967500E+03
-.79967498E+03
-.79967495E+03
-.79967493E+03
-.79967490E+03
-.79967488E+03
-.79967488E+03
-.79967489E+03
-.79967489E+03
-.79967490E+03
-.79967492E+03
-.79967494E+03
-.79967497E+03
-.79967499E+03
-.79967502E+03
-.79967504E+03
-.79967507E+03
-.79967509E+03
-.79967510E+03
-.79967511E+03
-.79967512E+03
-.79967512E+03
-.79967511E+03
-.79967509E+03
-.79967509E+03
-.79967507E+03
-.79967505E+03
-.79967503E+03
-.79967501E+03
-.79967499E+03
-.79967499E+03
-.79967499E+03
-.79967500E+03
-.79967501E+03
-.79967502E+03
-.79967504E+03
-.79967507E+03
-.79967510E+03
-.79967512E+03
-.79967514E+03
-.79967516E+03
-.79967516E+03
-.79967517E+03
-.79967517E+03
-.79967516E+03
-.79967516E+03
-.79967515E+03
-.79967514E+03
-.79967513E+03
-.79967514E+03
-.79967515E+03
-.79967516E+03
-.79967517E+03
-.79967519E+03
-.79967521E+03
-.79967524E+03
-.79967528E+03
-.79967533E+03
-.79967537E+03
-.79967542E+03
-.79967547E+03
-.79967553E+03
-.79967558E+03
-.79967566E+03
-.79967572E+03
-.79967579E+03
-.79967587E+03
-.79967594E+03
-.79967599E+03
-.79967602E+03
-.79967606E+03
-.79967607E+03
-.79967607E+03
-.79967605E+03
-.79967601E+03
-.79967595E+03
-.79967587E+03
-.79967580E+03
-.79967574E+03
-.79967567E+03
-.79967561E+03
-.79967557E+03
-.79967558E+03
-.79967563E+03
-.79967572E+03
-.79967583E+03
-.79967596E+03
-.79967612E+03
-.79967629E+03
-.79967646E+03
-.79967660E+03
-.79967671E+03
-.79967678E+03
-.79967681E+03
-.79967680E+03
-.79967673E+03
-.79967665E+03
-.79967653E+03
-.79967639E+03
-.79967624E+03
-.79967609E+03
-.79967594E+03
-.79967582E+03
-.79967573E+03
-.79967565E+03
-.79967561E+03
-.79967560E+03
-.79967560E+03
-.79967563E+03
-.79967566E+03
-.79967572E+03
-.79967577E+03
-.79967582E+03
-.79967586E+03
-.79967592E+03
-.79967596E+03
-.79967599E+03
-.79967602E+03
-.79967604E+03
-.79967606E+03
-.79967604E+03
-.79967602E+03
-.79967599E+03
-.79967595E+03
-.79967590E+03
-.79967585E+03
-.79967578E+03
-.79967571E+03
-.79967564E+03
-.79967558E+03
-.79967551E+03
-.79967546E+03
-.79967542E+03
-.79967539E+03
-.79967536E+03
-.79967534E+03
-.79967533E+03
-.79967531E+03
-.79967530E+03
-.79967529E+03
-.79967527E+03
-.79967525E+03
-.79967523E+03
-.79967519E+03
-.79967513E+03
-.79967509E+03
-.79967505E+03
-.79967501E+03
-.79967498E+03
-.79967495E+03
-.79967493E+03
-.79967492E+03
-.79967492E+03
-.79967493E+03
-.79967495E+03
-.79967498E+03
-.79967501E+03
-.79967504E+03
-.79967507E+03
-.79967510E+03
-.79967512E+03
-.79967512E+03
-.79967512E+03
-.79967511E+03
-.79967508E+03
-.79967506E+03
-.79967502E+03
-.79967498E+03
-.79967495E+03
-.79967491E+03
-.79967486E+03
-.79967482E+03
-.79967480E+03
-.79967477E+03
-.79967475E+03
-.79967475E+03
-.79967476E+03
-.79967478E+03
-.79967481E+03
-.79967486E+03
-.79967492E+03
-.79967498E+03
-.79967505E+03
-.79967512E+03
-.79967519E+03
-.79967525E+03
-.79967530E+03
-.79967534E+03
-.79967536E+03
-.79967537E+03
-.79967536E+03
-.79967534E+03
-.79967532E+03
-.79967528E+03
-.79967522E+03
-.79967516E+03
-.79967510E+03
-.79967506E+03
-.79967502E+03
-.79967500E+03
-.79967501E+03
-.79967501E+03
-.79967505E+03
-.79967512E+03
-.79967519E+03
-.79967530E+03
-.79967540E+03
-.79967550E+03
-.79967561E+03
-.79967572E+03
-.79967581E+03
-.79967590E+03
-.79967597E+03
-.79967602E+03
-.79967604E+03
-.79967603E+03
-.79967601E+03
-.79967597E+03
-.79967594E+03
-.79967589E+03
-.79967584E+03
-.79967580E+03
-.79967576E+03
-.79967573E+03
-.79967572E+03
-.79967572E+03
-.79967572E+03
-.79967574E+03
-.79967576E+03
-.79967579E+03
-.79967582E+03
-.79967584E+03
-.79967588E+03
-.79967591E+03
-.79967597E+03
-.79967601E+03
-.79967607E+03
-.79967612E+03
-.79967620E+03
-.79967627E+03
-.79967633E+03
-.79967640E+03
-.79967646E+03
-.79967651E+03
-.79967656E+03
-.79967658E+03
-.79967660E+03
-.79967659E+03
-.79967654E+03
-.79967649E+03
-.79967641E+03
-.79967632E+03
-.79967620E+03
-.79967607E+03
-.79967594E+03
-.79967580E+03
-.79967569E+03
-.79967559E+03
-.79967550E+03
-.79967545E+03
-.79967542E+03
-.79967540E+03
-.79967543E+03
-.79967547E+03
-.79967551E+03
-.79967557E+03
-.79967565E+03
-.79967571E+03
-.79967577E+03
-.79967582E+03
-.79967587E+03
-.79967590E+03
-.79967591E+03
-.79967591E+03
-.79967589E+03
-.79967586E+03
-.79967582E+03
-.79967575E+03
-.79967567E+03
-.79967559E+03
-.79967550E+03
-.79967542E+03
-.79967533E+03
-.79967527E+03
-.79967520E+03
-.79967514E+03
-.79967509E+03
-.79967504E+03
-.79967501E+03
-.79967497E+03
-.79967495E+03
-.79967494E+03
-.79967495E+03
-.79967495E+03
-.79967498E+03
-.79967501E+03
-.79967504E+03
-.79967507E+03
-.79967510E+03
-.79967512E+03
-.79967513E+03
-.79967514E+03
-.79967515E+03
-.79967513E+03
-.79967511E+03
-.79967508E+03
-.79967503E+03
-.79967499E+03
-.79967496E+03
-.79967491E+03
-.79967489E+03
-.79967487E+03
-.79967484E+03
-.79967484E+03
-.79967484E+03
-.79967487E+03
-.79967489E+03
-.79967492E+03
-.79967495E+03
-.79967497E+03
-.79967500E+03
-.79967502E+03
-.79967502E+03
-.79967551E+03
-.79967547E+03
-.79967544E+03
-.79967541E+03
-.79967540E+03
-.79967539E+03
-.79967538E+03
-.79967538E+03
-.79967538E+03
-.79967537E+03
-.79967536E+03
-.79967534E+03
-.79967530E+03
-.79967526E+03
-.79967522E+03
-.79967518E+03
-.79967514E+03
-.79967510E+03
-.79967507E+03
-.79967503E+03
-.79967499E+03
-.79967499E+03
-.79967499E+03
-.79967499E+03
-.79967500E+03
-.79967502E+03
-.79967503E+03
-.79967506E+03
-.79967509E+03
-.79967510E+03
-.79967512E+03
-.79967512E+03
-.79967511E+03
-.79967511E+03
-.79967509E+03
-.79967507E+03
-.79967504E+03
-.79967502E+03
-.79967500E+03
-.79967498E+03
-.79967495E+03
-.79967492E+03
-.79967491E+03
-.79967490E+03
-.79967491E+03
-.79967493E+03
-.79967496E+03
-.79967500E+03
-.79967505E+03
-.79967510E+03
-.79967515E+03
-.79967520E+03
-.79967525E+03
-.79967529E+03
-.79967532E+03
-.79967534E+03
-.79967535E+03
-.79967535E+03
-.79967533E+03
-.79967532E+03
-.79967531E+03
-.79967528E+03
-.79967527E+03
-.79967526E+03
-.79967526E+03
-.79967528E+03
-.79967532E+03
-.79967537E+03
-.79967543E+03
-.79967550E+03
-.79967560E+03
-.79967571E+03
-.79967582E+03
-.79967592E+03
-.79967602E+03
-.79967611E+03
-.79967618E+03
-.79967621E+03
-.79967623E+03
-.79967624E+03
-.79967622E+03
-.79967619E+03
-.79967614E+03
-.79967609E+03
-.79967605E+03
-.79967603E+03
-.79967601E+03
-.79967600E+03
-.79967602E+03
-.79967606E+03
-.79967612E+03
-.79967621E+03
-.79967631E+03
-.79967642E+03
-.79967654E+03
-.79967663E+03
-.79967672E+03
-.79967679E+03
-.79967684E+03
-.79967688E+03
-.79967689E+03
-.79967690E+03
-.79967690E+03
-.79967690E+03
-.79967689E+03
-.79967687E+03
-.79967686E+03
-.79967683E+03
-.79967682E+03
-.79967680E+03
-.79967680E+03
-.79967680E+03
-.79967677E+03
-.79967677E+03
-.79967676E+03
-.79967675E+03
-.79967674E+03
-.79967672E+03
-.79967670E+03
-.79967668E+03
-.79967665E+03
-.79967662E+03
-.79967658E+03
-.79967656E+03
-.79967655E+03
-.79967653E+03
-.79967651E+03
-.79967651E+03
-.79967650E+03
-.79967650E+03
-.79967648E+03
-.79967646E+03
-.79967643E+03
-.79967637E+03
-.79967630E+03
-.79967623E+03
-.79967616E+03
-.79967607E+03
-.79967600E+03
-.79967594E+03
-.79967591E+03
-.79967588E+03
-.79967586E+03
-.79967587E+03
-.79967588E+03
-.79967589E+03
-.79967591E+03
-.79967593E+03
-.79967594E+03
-.79967592E+03
-.79967589E+03
-.79967584E+03
-.79967580E+03
-.79967573E+03
-.79967563E+03
-.79967553E+03
-.79967545E+03
-.79967535E+03
-.79967526E+03
-.79967518E+03
-.79967512E+03
-.79967505E+03
-.79967500E+03
-.79967497E+03
-.79967495E+03
-.79967494E+03
-.79967493E+03
-.79967492E+03
-.79967492E+03
-.79967492E+03
-.79967492E+03
-.79967492E+03
-.79967491E+03
-.79967491E+03
-.79967490E+03
-.79967490E+03
-.79967489E+03
-.79967489E+03
-.79967489E+03
-.79967492E+03
-.79967493E+03
-.79967495E+03
-.79967498E+03
-.79967502E+03
-.79967505E+03
-.79967507E+03
-.79967508E+03
-.79967509E+03
-.79967508E+03
-.79967506E+03
-.79967504E+03
-.79967500E+03
-.79967497E+03
-.79967493E+03
-.79967489E+03
-.79967485E+03
-.79967482E+03
-.79967479E+03
-.79967478E+03
-.79967477E+03
-.79967477E+03
-.79967478E+03
-.79967480E+03
-.79967483E+03
-.79967488E+03
-.79967493E+03
-.79967499E+03
-.79967504E+03
-.79967511E+03
-.79967517E+03
-.79967523E+03
-.79967528E+03
-.79967532E+03
-.79967534E+03
-.79967536E+03
-.79967537E+03
-.79967536E+03
-.79967532E+03
-.79967529E+03
-.79967526E+03
-.79967522E+03
-.79967521E+03
-.79967520E+03
-.79967521E+03
-.79967524E+03
-.79967528E+03
-.79967535E+03
-.79967544E+03
-.79967555E+03
-.79967567E+03
-.79967576E+03
-.79967585E+03
-.79967595E+03
-.79967601E+03
-.79967604E+03
-.79967605E+03
-.79967603E+03
-.79967598E+03
-.79967593E+03
-.79967587E+03
-.79967581E+03
-.79967575E+03
-.79967571E+03
-.79967568E+03
-.79967568E+03
-.79967571E+03
-.79967576E+03
-.79967584E+03
-.79967593E+03
-.79967601E+03
-.79967612E+03
-.79967621E+03
-.79967631E+03
-.79967638E+03
-.79967645E+03
-.79967648E+03
-.79967649E+03
-.79967649E+03
-.79967646E+03
-.79967641E+03
-.79967634E+03
-.79967628E+03
-.79967621E+03
-.79967614E+03
-.79967608E+03
-.79967605E+03
-.79967604E+03
-.79967603E+03
-.79967604E+03
-.79967605E+03
-.79967607E+03
-.79967610E+03
-.79967612E+03
-.79967614E+03
-.79967614E+03
-.79967615E+03
-.79967615E+03
-.79967612E+03
-.79967610E+03
-.79967608E+03
-.79967606E+03
-.79967603E+03
-.79967599E+03
-.79967595E+03
-.79967591E+03
-.79967587E+03
-.79967584E+03
-.79967582E+03
-.79967581E+03
-.79967580E+03
-.79967579E+03
-.79967578E+03
-.79967579E+03
-.79967580E+03
-.79967579E+03
-.79967579E+03
-.79967579E+03
-.79967577E+03
-.79967575E+03
-.79967572E+03
-.79967569E+03
-.79967563E+03
-.79967557E+03
-.79967551E+03
-.79967543E+03
-.79967535E+03
-.79967528E+03
-.79967519E+03
-.79967514E+03
-.79967506E+03
-.79967500E+03
-.79967496E+03
-.79967492E+03
-.79967488E+03
-.79967487E+03
-.79967487E+03
-.79967488E+03
-.79967490E+03
-.79967494E+03
-.79967496E+03
-.79967500E+03
-.79967503E+03
-.79967506E+03
-.79967510E+03
-.79967514E+03
-.79967517E+03
-.79967520E+03
-.79967522E+03
-.79967520E+03
-.79967519E+03
-.79967516E+03
-.79967511E+03
-.79967509E+03
-.79967505E+03
-.79967500E+03
-.79967497E+03
-.79967492E+03
-.79967487E+03
-.79967484E+03
-.79967480E+03
-.79967478E+03
-.79967476E+03
-.79967476E+03
-.79967476E+03
-.79967477E+03
-.79967479E+03
-.79967481E+03
-.79967483E+03
-.79967487E+03
-.79967489E+03
-.79967489E+03
-.79967490E+03
-.79967490E+03
-.79967491E+03
-.79967490E+03
-.79967490E+03
-.79967489E+03
-.79967489E+03
-.79967488E+03
-.79967488E+03
-.79967488E+03
-.79967487E+03
-.79967488E+03
-.79967490E+03
-.79967492E+03
-.79967494E+03
-.79967496E+03
-.79967499E+03
-.79967502E+03
-.79967506E+03
-.79967507E+03
-.79967508E+03
-.79967511E+03
-.79967511E+03
-.79967511E+03
-.79967510E+03
-.79967509E+03
-.79967509E+03
-.79967509E+03
-.79967509E+03
-.79967510E+03
-.79967512E+03
-.79967516E+03
-.79967520E+03
-.79967524E+03
-.79967530E+03
-.79967535E+03
-.79967541E+03
-.79967547E+03
-.79967553E+03
-.79967558E+03
-.79967564E+03
-.79967570E+03
-.79967575E+03
-.79967577E+03
-.79967579E+03
-.79967582E+03
-.79967583E+03
-.79967584E+03
-.79967586E+03
-.79967586E+03
-.79967586E+03
-.79967585E+03
-.79967583E+03
-.79967581E+03
-.79967580E+03
-.79967578E+03
-.79967576E+03
-.79967575E+03
-.79967575E+03
-.79967576E+03
-.79967577E+03
-.79967578E+03
-.79967580E+03
-.79967584E+03
-.79967586E+03
-.79967587E+03
-.79967588E+03
-.79967589E+03
-.79967590E+03
-.79967589E+03
-.79967588E+03
-.79967587E+03
-.79967585E+03
-.79967581E+03
-.79967578E+03
-.79967576E+03
-.79967576E+03
-.79967578E+03
-.79967581E+03
-.79967586E+03
-.79967590E+03
-.79967594E+03
-.79967598E+03
-.79967602E+03
-.79967605E+03
-.79967607E+03
-.79967608E+03
-.79967606E+03
-.79967602E+03
-.79967597E+03
-.79967591E+03
-.79967585E+03
-.79967579E+03
-.79967572E+03
-.79967564E+03
-.79967558E+03
-.79967553E+03
-.79967548E+03
-.79967542E+03
-.79967536E+03
-.79967531E+03
-.79967527E+03
-.79967521E+03
-.79967517E+03
-.79967512E+03
-.79967508E+03
-.79967503E+03
-.79967500E+03
-.79967497E+03
-.79967495E+03
-.79967494E+03
-.79967493E+03
-.79967494E+03
-.79967494E+03
-.79967496E+03
-.79967500E+03
-.79967503E+03
-.79967506E+03
-.79967508E+03
-.79967512E+03
-.79967513E+03
-.79967511E+03
-.79967509E+03
-.79967507E+03
-.79967502E+03
-.79967498E+03
-.79967493E+03
-.79967489E+03
-.79967484E+03
-.79967479E+03
-.79967476E+03
-.79967474E+03
-.79967473E+03
-.79967474E+03
-.79967474E+03
-.79967475E+03
-.79967479E+03
-.79967481E+03
-.79967483E+03
-.79967486E+03
-.79967487E+03
-.79967487E+03
-.79967487E+03
-.79967487E+03
-.79967487E+03
-.79967485E+03
-.79967483E+03
-.79967481E+03
-.79967478E+03
-.79967475E+03
-.79967473E+03
-.79967470E+03
-.79967469E+03
-.79967469E+03
-.79967470E+03
-.79967471E+03
-.79967473E+03
-.79967474E+03
-.79967477E+03
-.79967481E+03
-.79967486E+03
-.79967488E+03
-.79967492E+03
-.79967494E+03
-.79967498E+03
-.79967502E+03
-.79967506E+03
-.79967509E+03
-.79967509E+03
-.79967510E+03
-.79967510E+03
-.79967511E+03
-.79967512E+03
-.79967512E+03
-.79967511E+03
-.79967510E+03
-.79967509E+03
-.79967509E+03
-.79967508E+03
-.79967509E+03
-.79967511E+03
-.79967514E+03
-.79967518E+03
-.79967523E+03
-.79967528E+03
-.79967534E+03
-.79967540E+03
-.79967545E+03
-.79967549E+03
-.79967551E+03
-.79967551E+03
-.79967550E+03
-.79967548E+03
-.79967544E+03
-.79967539E+03
-.79967536E+03
-.79967533E+03
-.79967530E+03
-.79967528E+03
-.79967527E+03
-.79967528E+03
-.79967530E+03
-.79967533E+03
-.79967538E+03
-.79967543E+03
-.79967549E+03
-.79967555E+03
-.79967562E+03
-.79967568E+03
-.79967572E+03
-.79967575E+03
-.79967578E+03
-.79967578E+03
-.79967579E+03
-.79967577E+03
-.79967573E+03
-.79967568E+03
-.79967563E+03
-.79967556E+03
-.79967549E+03
-.79967543E+03
-.79967538E+03
-.79967536E+03
-.79967533E+03
-.79967531E+03
-.79967528E+03
-.79967528E+03
-.79967529E+03
-.79967530E+03
-.79967531E+03
-.79967533E+03
-.79967534E+03
-.79967536E+03
-.79967537E+03
-.79967538E+03
-.79967539E+03
-.79967539E+03
-.79967539E+03
-.79967539E+03
-.79967538E+03
-.79967537E+03
-.79967536E+03
-.79967534E+03
-.79967533E+03
-.79967532E+03
-.79967531E+03
-.79967531E+03
-.79967530E+03
-.79967529E+03
-.79967529E+03
-.79967528E+03
-.79967527E+03
-.79967526E+03
-.79967525E+03
-.79967524E+03
-.79967523E+03
-.79967523E+03
-.79967522E+03
-.79967524E+03
-.79967526E+03
-.79967527E+03
-.79967528E+03
-.79967529E+03
-.79967531E+03
-.79967532E+03
-.79967532E+03
-.79967532E+03
-.79967531E+03
-.79967529E+03
-.79967527E+03
-.79967526E+03
-.79967525E+03
-.79967523E+03
-.79967521E+03
-.79967520E+03
-.79967519E+03
-.79967518E+03
-.79967519E+03
-.79967520E+03
-.79967521E+03
-.79967522E+03
-.79967523E+03
-.79967524E+03
-.79967524E+03
-.79967525E+03
-.79967526E+03
-.79967526E+03
-.79967526E+03
-.79967526E+03
-.79967525E+03
-.79967524E+03
-.79967524E+03
-.79967523E+03
-.79967522E+03
-.79967521E+03
-.79967519E+03
-.79967517E+03
-.79967517E+03
-.79967518E+03
-.79967518E+03
-.79967521E+03
-.79967523E+03
-.79967527E+03
-.79967530E+03
-.79967534E+03
-.79967536E+03
-.79967539E+03
-.79967538E+03
-.79967537E+03
-.79967535E+03
-.79967532E+03
-.79967529E+03
-.79967527E+03
-.79967522E+03
-.79967519E+03
-.79967515E+03
-.79967512E+03
-.79967510E+03
-.79967509E+03
-.79967510E+03
-.79967511E+03
-.79967511E+03
-.79967514E+03
-.79967516E+03
-.79967517E+03
-.79967517E+03
-.79967517E+03
-.79967517E+03
-.79967516E+03
-.79967515E+03
-.79967514E+03
-.79967513E+03
-.79967512E+03
-.79967511E+03
-.79967511E+03
-.79967511E+03
-.79967511E+03
-.79967511E+03
-.79967513E+03
-.79967512E+03
-.79967512E+03
-.79967512E+03
-.79967512E+03
-.79967511E+03
-.79967512E+03
-.79967511E+03
-.79967511E+03
-.79967508E+03
-.79967505E+03
-.79967502E+03
-.79967499E+03
-.79967496E+03
-.79967494E+03
-.79967492E+03
-.79967489E+03
-.79967487E+03
-.79967486E+03
-.79967487E+03
-.79967488E+03
-.79967489E+03
-.79967492E+03
-.79967497E+03
-.79967502E+03
-.79967507E+03
-.79967512E+03
-.79967516E+03
-.79967519E+03
-.79967521E+03
-.79967524E+03
-.79967526E+03
-.79967528E+03
-.79967529E+03
-.79967530E+03
-.79967531E+03
-.79967532E+03
-.79967533E+03
-.79967534E+03
-.79967535E+03
-.79967538E+03
-.79967540E+03
-.79967542E+03
-.79967544E+03
-.79967545E+03
-.79967546E+03
-.79967546E+03
-.79967546E+03
-.79967545E+03
-.79967543E+03
-.79967542E+03
-.79967538E+03
-.79967536E+03
-.79967534E+03
-.79967532E+03
-.79967530E+03
-.79967529E+03
-.79967528E+03
-.79967528E+03
-.79967529E+03
-.79967532E+03
-.79967534E+03
-.79967536E+03
-.79967538E+03
-.79967541E+03
-.79967545E+03
-.79967547E+03
-.79967550E+03
-.79967554E+03
-.79967556E+03
-.79967557E+03
-.79967558E+03
-.79967560E+03
-.79967561E+03
-.79967561E+03
-.79967561E+03
-.79967562E+03
-.79967563E+03
-.79967563E+03
-.79967562E+03
-.79967564E+03
-.79967565E+03
-.79967567E+03
-.79967568E+03
-.79967571E+03
-.79967572E+03
-.79967574E+03
-.79967574E+03
-.79967575E+03
-.79967574E+03
-.79967572E+03
-.79967570E+03
-.79967567E+03
-.79967564E+03
-.79967560E+03
-.79967557E+03
-.79967554E+03
-.79967551E+03
-.79967549E+03
-.79967547E+03
-.79967546E+03
-.79967545E+03
-.79967545E+03
-.79967545E+03
-.79967544E+03
-.79967543E+03
-.79967544E+03
-.79967547E+03
-.79967548E+03
-.79967549E+03
-.79967551E+03
-.79967555E+03
-.79967557E+03
-.79967561E+03
-.79967563E+03
-.79967564E+03
-.79967566E+03
-.79967567E+03
-.79967564E+03
-.79967561E+03
-.79967557E+03
-.79967550E+03
-.79967543E+03
-.79967536E+03
-.79967528E+03
-.79967522E+03
-.79967517E+03
-.79967513E+03
-.79967510E+03
-.79967509E+03
-.79967509E+03
-.79967511E+03
-.79967513E+03
-.79967517E+03
-.79967519E+03
-.79967520E+03
-.79967521E+03
-.79967520E+03
-.79967519E+03
-.79967518E+03
-.79967515E+03
-.79967512E+03
-.79967508E+03
-.79967503E+03
-.79967498E+03
-.79967493E+03
-.79967488E+03
-.79967483E+03
-.79967479E+03
-.79967475E+03
-.79967473E+03
-.79967469E+03
-.79967467E+03
-.79967466E+03
-.79967468E+03
-.79967468E+03
-.79967470E+03
-.79967473E+03
-.79967477E+03
-.79967479E+03
-.79967483E+03
-.79967485E+03
-.79967487E+03
-.79967489E+03
-.79967491E+03
-.79967492E+03
-.79967492E+03
-.79967489E+03
-.79967487E+03
-.79967484E+03
-.79967482E+03
-.79967479E+03
-.79967477E+03
-.79967475E+03
-.79967474E+03
-.79967473E+03
-.79967474E+03
-.79967475E+03
-.79967477E+03
-.79967480E+03
-.79967486E+03
-.79967491E+03
-.79967497E+03
-.79967503E+03
-.79967511E+03
-.79967516E+03
-.79967521E+03
-.79967525E+03
-.79967527E+03
-.79967527E+03
-.79967526E+03
-.79967523E+03
-.79967520E+03
-.79967516E+03
-.79967510E+03
-.79967506E+03
-.79967504E+03
-.79967503E+03
-.79967503E+03
-.79967506E+03
-.79967510E+03
-.79967515E+03
-.79967521E+03
-.79967526E+03
-.79967531E+03
-.79967536E+03
-.79967541E+03
-.79967546E+03
-.79967549E+03
-.79967551E+03
-.79967552E+03
-.79967550E+03
-.79967547E+03
-.79967545E+03
-.79967543E+03
-.79967542E+03
-.79967540E+03
-.79967542E+03
-.79967543E+03
-.79967546E+03
-.79967551E+03
-.79967557E+03
-.79967564E+03
-.79967572E+03
-.79967579E+03
-.79967586E+03
-.79967592E+03
-.79967595E+03
-.79967598E+03
-.79967597E+03
-.79967596E+03
-.79967593E+03
-.79967588E+03
-.79967581E+03
-.79967573E+03
-.79967564E+03
-.79967556E+03
-.79967552E+03
-.79967548E+03
-.79967547E+03
-.79967549E+03
-.79967554E+03
-.79967560E+03
-.79967569E+03
-.79967580E+03
-.79967590E+03
-.79967599E+03
-.79967607E+03
-.79967615E+03
-.79967618E+03
-.79967620E+03
-.79967618E+03
-.79967612E+03
-.79967604E+03
-.79967595E+03
-.79967586E+03
-.79967576E+03
-.79967569E+03
-.79967562E+03
-.79967556E+03
-.79967553E+03
-.79967553E+03
-.79967554E+03
-.79967556E+03
-.79967559E+03
-.79967560E+03
-.79967561E+03
-.79967563E+03
-.79967563E+03
-.79967562E+03
-.79967561E+03
-.79967559E+03
-.79967558E+03
-.79967554E+03
-.79967551E+03
-.79967547E+03
-.79967545E+03
-.79967541E+03
-.79967538E+03
-.79967534E+03
-.79967531E+03
-.79967527E+03
-.79967524E+03
-.79967520E+03
-.79967516E+03
-.79967513E+03
-.79967509E+03
-.79967506E+03
-.79967505E+03
-.79967503E+03
-.79967501E+03
-.79967499E+03
-.79967499E+03
-.79967498E+03
-.79967497E+03
-.79967495E+03
-.79967494E+03
-.79967494E+03
-.79967490E+03
-.79967488E+03
-.79967487E+03
-.79967484E+03
-.79967482E+03
-.79967478E+03
-.79967476E+03
-.79967474E+03
-.79967472E+03
-.79967469E+03
-.79967467E+03
-.79967464E+03
-.79967462E+03
-.79967459E+03
-.79967459E+03
-.79967458E+03
-.79967457E+03
-.79967457E+03
-.79967457E+03
-.79967458E+03
-.79967459E+03
-.79967459E+03
-.79967460E+03
-.79967462E+03
-.79967462E+03
-.79967463E+03
-.79967465E+03
-.79967465E+03
-.79967467E+03
-.79967468E+03
-.79967469E+03
-.79967468E+03
-.79967469E+03
-.79967471E+03
-.79967472E+03
-.79967474E+03
-.79967477E+03
-.79967480E+03
-.79967484E+03
-.79967487E+03
-.79967492E+03
-.79967497E+03
-.79967502E+03
-.79967506E+03
-.79967510E+03
-.79967513E+03
-.79967514E+03
-.79967514E+03
-.79967513E+03
-.79967512E+03
-.79967510E+03
-.79967507E+03
-.79967504E+03
-.79967502E+03
-.79967500E+03
-.79967500E+03
-.79967501E+03
-.79967503E+03
-.79967506E+03
-.79967510E+03
-.79967516E+03
-.79967522E+03
-.79967527E+03
-.79967533E+03
-.79967535E+03
-.79967537E+03
-.79967538E+03
-.79967539E+03
-.79967539E+03
-.79967538E+03
-.79967537E+03
-.79967535E+03
-.79967534E+03
-.79967534E+03
-.79967534E+03
-.79967539E+03
-.79967543E+03
-.79967549E+03
-.79967557E+03
-.79967565E+03
-.79967573E+03
-.79967583E+03
-.79967591E+03
-.79967598E+03
-.79967603E+03
-.79967604E+03
-.79967603E+03
-.79967598E+03
-.79967592E+03
-.79967583E+03
-.79967572E+03
-.79967560E+03
-.79967549E+03
-.79967538E+03
-.79967531E+03
-.79967526E+03
-.79967525E+03
-.79967526E+03
-.79967529E+03
-.79967536E+03
-.79967544E+03
-.79967553E+03
-.79967562E+03
-.79967571E+03
-.79967579E+03
-.79967585E+03
-.79967588E+03
-.79967589E+03
-.79967588E+03
-.79967584E+03
-.79967580E+03
-.79967573E+03
-.79967565E+03
-.79967556E+03
-.79967546E+03
-.79967538E+03
-.79967529E+03
-.79967522E+03
-.79967517E+03
-.79967514E+03
-.79967513E+03
-.79967512E+03
-.79967514E+03
-.79967519E+03
-.79967524E+03
-.79967529E+03
-.79967534E+03
-.79967540E+03
-.79967544E+03
-.79967548E+03
-.79967550E+03
-.79967549E+03
-.79967546E+03
-.79967542E+03
-.79967535E+03
-.79967527E+03
-.79967518E+03
-.79967508E+03
-.79967497E+03
-.79967488E+03
-.79967480E+03
-.79967471E+03
-.79967465E+03
-.79967460E+03
-.79967457E+03
-.79967457E+03
-.79967457E+03
-.79967459E+03
-.79967462E+03
-.79967466E+03
-.79967471E+03
-.79967477E+03
-.79967482E+03
-.79967487E+03
-.79967491E+03
-.79967495E+03
-.79967497E+03
-.79967498E+03
-.79967498E+03
-.79967497E+03
-.79967494E+03
-.79967490E+03
-.79967483E+03
-.79967476E+03
-.79967471E+03
-.79967465E+03
-.79967461E+03
-.79967455E+03
-.79967451E+03
-.79967448E+03
-.79967447E+03
-.79967447E+03
-.79967447E+03
-.79967450E+03
-.79967452E+03
-.79967456E+03
-.79967460E+03
-.79967464E+03
-.79967466E+03
-.79967469E+03
-.79967471E+03
-.79967473E+03
-.79967473E+03
-.79967473E+03
-.79967474E+03
-.79967474E+03
-.79967473E+03
-.79967471E+03
-.79967470E+03
-.79967470E+03
-.79967469E+03
-.79967469E+03
-.79967470E+03
-.79967472E+03
-.79967474E+03
-.79967478E+03
-.79967482E+03
-.79967487E+03
-.79967491E+03
-.79967494E+03
-.79967497E+03
-.79967502E+03
-.79967505E+03
-.79967509E+03
-.79967512E+03
-.79967515E+03
-.79967517E+03
-.79967520E+03
-.79967521E+03
-.79967521E+03
-.79967519E+03
-.79967517E+03
-.79967516E+03
-.79967514E+03
-.79967511E+03
-.79967509E+03
-.79967506E+03
-.79967503E+03
-.79967502E+03
-.79967501E+03
-.79967502E+03
-.79967505E+03
-.79967507E+03
-.79967512E+03
-.79967517E+03
-.79967523E+03
-.79967529E+03
-.79967534E+03
-.79967539E+03
-.79967545E+03
-.79967549E+03
-.79967552E+03
-.79967554E+03
-.79967555E+03
-.79967554E+03
-.79967553E+03
-.79967551E+03
-.79967548E+03
-.79967546E+03
-.79967545E+03
-.79967545E+03
-.79967546E+03
-.79967548E+03
-.79967550E+03
-.79967554E+03
-.79967557E+03
-.79967560E+03
-.79967562E+03
-.79967566E+03
-.79967569E+03
-.79967572E+03
-.79967575E+03
-.79967577E+03
-.79967578E+03
-.79967579E+03
-.79967578E+03
-.79967577E+03
-.79967574E+03
-.79967572E+03
-.79967568E+03
-.79967566E+03
-.79967562E+03
-.79967561E+03
-.79967559E+03
-.79967557E+03
-.79967557E+03
-.79967560E+03
-.79967563E+03
-.79967567E+03
-.79967572E+03
-.79967577E+03
-.79967581E+03
-.79967583E+03
-.79967583E+03
-.79967582E+03
-.79967578E+03
-.79967570E+03
-.79967561E+03
-.79967551E+03
-.79967542E+03
-.79967532E+03
-.79967523E+03
-.79967515E+03
-.79967507E+03
-.79967502E+03
-.79967498E+03
-.79967496E+03
-.79967497E+03
-.79967500E+03
-.79967502E+03
-.79967506E+03
-.79967509E+03
-.79967513E+03
-.79967515E+03
-.79967517E+03
-.79967517E+03
-.79967514E+03
-.79967510E+03
-.79967505E+03
-.79967500E+03
-.79967495E+03
-.79967489E+03
-.79967484E+03
-.79967479E+03
-.79967474E+03
-.79967471E+03
-.79967469E+03
-.79967468E+03
-.79967469E+03
-.79967470E+03
-.79967472E+03
-.79967474E+03
-.79967477E+03
-.79967479E+03
-.79967483E+03
-.79967485E+03
-.79967487E+03
-.79967486E+03
-.79967486E+03
-.79967483E+03
-.79967480E+03
-.79967477E+03
-.79967474E+03
-.79967470E+03
-.79967469E+03
-.79967466E+03
-.79967465E+03
-.79967465E+03
-.79967466E+03
-.79967467E+03
-.79967470E+03
-.79967472E+03
-.79967476E+03
-.79967479E+03
-.79967481E+03
-.79967482E+03
-.79967483E+03
-.79967483E+03
-.79967482E+03
-.79967480E+03
-.79967478E+03
-.79967476E+03
-.79967474E+03
-.79967474E+03
-.79967473E+03
-.79967473E+03
-.79967473E+03
-.79967474E+03
-.79967476E+03
-.79967479E+03
-.79967481E+03
-.79967486E+03
-.79967490E+03
-.79967494E+03
-.79967498E+03
-.79967504E+03
-.79967509E+03
-.79967514E+03
-.79967518E+03
-.79967520E+03
-.79967522E+03
-.79967524E+03
-.79967525E+03
-.79967525E+03
-.79967526E+03
-.79967526E+03
-.79967526E+03
-.79967525E+03
-.79967524E+03
-.79967522E+03
-.79967522E+03
-.79967521E+03
-.79967522E+03
-.79967521E+03
-.79967520E+03
-.79967521E+03
-.79967522E+03
-.79967523E+03
-.79967524E+03
-.79967528E+03
-.79967531E+03
-.79967534E+03
-.79967537E+03
-.79967542E+03
-.79967547E+03
-.79967552E+03
-.79967558E+03
-.79967564E+03
-.79967568E+03
-.79967574E+03
-.79967578E+03
-.79967580E+03
-.79967581E+03
-.79967580E+03
-.79967578E+03
-.79967573E+03
-.79967569E+03
-.79967563E+03
-.79967556E+03
-.79967549E+03
-.79967543E+03
-.79967538E+03
-.79967535E+03
-.79967534E+03
-.79967534E+03
-.79967534E+03
-.79967536E+03
-.79967538E+03
-.79967542E+03
-.79967543E+03
-.79967546E+03
-.79967549E+03
-.79967550E+03
-.79967549E+03
-.79967549E+03
-.79967548E+03
-.79967547E+03
-.79967544E+03
-.79967539E+03
-.79967534E+03
-.79967530E+03
-.79967525E+03
-.79967520E+03
-.79967514E+03
-.79967511E+03
-.79967508E+03
-.79967506E+03
-.79967505E+03
-.79967506E+03
-.79967507E+03
-.79967510E+03
-.79967513E+03
-.79967516E+03
-.79967519E+03
-.79967522E+03
-.79967523E+03
-.79967523E+03
-.79967523E+03
-.79967522E+03
-.79967520E+03
-.79967517E+03
-.79967514E+03
-.79967511E+03
-.79967508E+03
-.79967508E+03
-.79967507E+03
-.79967508E+03
-.79967508E+03
-.79967509E+03
-.79967511E+03
-.79967513E+03
-.79967516E+03
-.79967518E+03
-.79967519E+03
-.79967518E+03
-.79967516E+03
-.79967514E+03
-.79967510E+03
-.79967506E+03
-.79967500E+03
-.79967496E+03
-.79967492E+03
-.79967490E+03
-.79967489E+03
-.79967491E+03
-.79967494E+03
-.79967500E+03
-.79967505E+03
-.79967511E+03
-.79967518E+03
-.79967524E+03
-.79967528E+03
-.79967530E+03
-.79967531E+03
-.79967531E+03
-.79967529E+03
-.79967527E+03
-.79967524E+03
-.79967519E+03
-.79967514E+03
-.79967508E+03
-.79967503E+03
-.79967500E+03
-.79967498E+03
-.79967496E+03
-.79967497E+03
-.79967501E+03
-.79967506E+03
-.79967513E+03
-.79967522E+03
-.79967531E+03
-.79967538E+03
-.79967546E+03
-.79967552E+03
-.79967557E+03
-.79967560E+03
-.79967560E+03
-.79967559E+03
-.79967556E+03
-.79967552E+03
-.79967546E+03
-.79967541E+03
-.79967534E+03
-.79967527E+03
-.79967518E+03
-.79967512E+03
-.79967505E+03
-.79967500E+03
-.79967496E+03
-.79967494E+03
-.79967495E+03
-.79967496E+03
-.79967498E+03
-.79967503E+03
-.79967508E+03
-.79967515E+03
-.79967521E+03
-.79967526E+03
-.79967532E+03
-.79967535E+03
-.79967537E+03
-.79967540E+03
-.79967541E+03
-.79967539E+03
-.79967537E+03
-.79967535E+03
-.79967535E+03
-.79967533E+03
-.79967532E+03
-.79967532E+03
-.79967532E+03
-.79967532E+03
-.79967534E+03
-.79967534E+03
-.79967536E+03
-.79967537E+03
-.79967537E+03
-.79967537E+03
-.79967537E+03
-.79967537E+03
-.79967536E+03
-.79967534E+03
-.79967534E+03
-.79967533E+03
-.79967533E+03
-.79967534E+03
-.79967534E+03
-.79967533E+03
-.79967536E+03
-.79967537E+03
-.79967539E+03
-.79967539E+03
-.79967540E+03
-.79967540E+03
-.79967540E+03
-.79967539E+03
-.79967539E+03
-.79967537E+03
-.79967535E+03
-.79967533E+03
-.79967530E+03
-.79967528E+03
-.79967526E+03
-.79967525E+03
-.79967525E+03
-.79967524E+03
-.79967526E+03
-.79967527E+03
-.79967531E+03
-.79967534E+03
-.79967538E+03
-.79967542E+03
-.79967544E+03
-.79967547E+03
-.79967551E+03
-.79967552E+03
-.79967554E+03
-.79967554E+03
-.79967555E+03
-.79967557E+03
-.79967557E+03
-.79967557E+03
-.79967557E+03
-.79967558E+03
-.79967560E+03
-.79967562E+03
-.79967564E+03
-.79967566E+03
-.79967569E+03
-.79967571E+03
-.79967574E+03
-.79967576E+03
-.79967579E+03
-.79967580E+03
-.79967583E+03
-.79967585E+03
-.79967588E+03
-.79967591E+03
-.79967593E+03
-.79967595E+03
-.79967596E+03
-.79967595E+03
-.79967594E+03
-.79967593E+03
-.79967590E+03
-.79967587E+03
-.79967583E+03
-.79967578E+03
-.79967571E+03
-.79967566E+03
-.79967562E+03
-.79967557E+03
-.79967554E+03
-.79967551E+03
-.79967550E+03
-.79967550E+03
-.79967549E+03
-.79967550E+03
-.79967551E+03
-.79967555E+03
-.79967559E+03
-.79967560E+03
-.79967563E+03
-.79967565E+03
-.79967566E+03
-.79967567E+03
-.79967565E+03
-.79967566E+03
-.79967566E+03
-.79967565E+03
-.79967564E+03
-.79967562E+03
-.79967560E+03
-.79967557E+03
-.79967555E+03
-.79967552E+03
-.79967548E+03
-.79967544E+03
-.79967541E+03
-.79967537E+03
-.79967534E+03
-.79967532E+03
-.79967528E+03
-.79967525E+03
-.79967524E+03
-.79967524E+03
-.79967524E+03
-.79967524E+03
-.79967524E+03
-.79967523E+03
-.79967523E+03
-.79967521E+03
-.79967521E+03
-.79967519E+03
-.79967516E+03
-.79967513E+03
-.79967509E+03
-.79967506E+03
-.79967503E+03
-.79967500E+03
-.79967498E+03
-.79967495E+03
-.79967493E+03
-.79967490E+03
-.79967488E+03
-.79967488E+03
-.79967489E+03
-.79967489E+03
-.79967490E+03
-.79967492E+03
-.79967494E+03
-.79967497E+03
-.79967499E+03
-.79967502E+03
-.79967504E+03
-.79967507E+03
-.79967509E+03
-.79967510E+03
-.79967511E+03
-.79967512E+03
-.79967512E+03
-.79967511E+03
-.79967509E+03
-.79967509E+03
-.79967507E+03
-.79967505E+03
-.79967503E+03
-.79967501E+03
-.79967499E+03
-.79967499E+03
-.79967499E+03
-.79967500E+03
-.79967501E+03
-.79967502E+03
-.79967504E+03
-.79967507E+03
-.79967510E+03
-.79967512E+03
-.79967514E+03
-.79967516E+03
-.79967516E+03
-.79967517E+03
-.79967517E+03
-.79967516E+03
-.79967516E+03
-.79967515E+03
-.79967514E+03
-.79967513E+03
-.79967514E+03
-.79967515E+03
-.79967516E+03
-.79967517E+03
-.79967519E+03
-.79967521E+03
-.79967524E+03
-.79967528E+03
-.79967533E+03
-.79967537E+03
-.79967542E+03
-.79967547E+03
-.79967553E+03
-.79967558E+03
-.79967566E+03
-.79967572E+03
-.79967579E+03
-.79967587E+03
-.79967594E+03
-.79967599E+03
-.79967602E+03
-.79967606E+03
-.79967607E+03
-.79967607E+03
-.79967605E+03
-.79967601E+03
-.79967595E+03
-.79967587E+03
-.79967580E+03
-.79967574E+03
-.79967567E+03
-.79967561E+03
-.79967557E+03
-.79967558E+03
-.79967563E+03
-.79967572E+03
-.79967583E+03
-.79967596E+03
-.79967612E+03
-.79967629E+03
-.79967646E+03
-.79967660E+03
-.79967671E+03
-.79967678E+03
-.79967681E+03
-.79967680E+03
-.79967673E+03
-.79967665E+03
-.79967653E+03
-.79967639E+03
-.79967624E+03
-.79967609E+03
-.79967594E+03
-.79967582E+03
-.79967573E+03
-.79967565E+03
-.79967561E+03
-.79967560E+03
-.79967560E+03
-.79967563E+03
-.79967566E+03
-.79967572E+03
-.79967577E+03
-.79967582E+03
-.79967586E+03
-.79967592E+03
-.79967596E+03
-.79967599E+03
-.79967602E+03
-.79967604E+03
-.79967606E+03
-.79967604E+03
-.79967602E+03
-.79967599E+03
-.79967595E+03
-.79967590E+03
-.79967585E+03
-.79967578E+03
-.79967571E+03
-.79967564E+03
-.79967558E+03
-.79967551E+03
-.79967546E+03
-.79967542E+03
-.79967539E+03
-.79967536E+03
-.79967534E+03
-.79967533E+03
-.79967531E+03
-.79967530E+03
-.79967529E+03
-.79967527E+03
-.79967525E+03
-.79967523E+03
-.79967519E+03
